1649855085.3383875 0.0 0.0 0.0 0.0 0.0 0.0 1.0
1649855090.1380897 0.043267641216516495 -0.05996633693575859 -0.02666436694562435 -0.010519510135054588 0.004758993163704872 0.014769273810088634 0.9998243451118469
1649855090.4130728 0.08739598840475082 -0.3933198153972626 -0.11973598599433899 -0.01969286799430847 0.005030508153140545 -0.005966476630419493 0.9997751712799072
1649855090.588062 0.15341337025165558 -0.7430098652839661 -0.2241327315568924 -0.019775543361902237 0.015555265359580517 -0.002266019582748413 0.9996808767318726
1649855090.7880497 0.21250537037849426 -1.1371138095855713 -0.2936507761478424 -0.035371214151382446 0.02495182864367962 2.5814671971602365e-05 0.9990628957748413
1649855091.0630329 0.3059625029563904 -1.6064119338989258 -0.26842570304870605 -0.0562579408288002 0.03771960362792015 0.009099067188799381 0.997661828994751
1649855091.4130113 0.41212496161460876 -2.1206438541412354 -0.11691094189882278 -0.053678933531045914 0.024185212329030037 -0.02105136029422283 0.9980433583259583
1649855091.937979 0.561394453048706 -2.406926155090332 0.45623257756233215 -0.04772219434380531 0.03256281092762947 -0.03448925167322159 0.9977335929870605
1649855092.0379727 0.5627161860466003 -2.4444358348846436 0.5829784274101257 -0.04738631471991539 0.03170688450336456 -0.028664210811257362 0.9979614019393921
1649855092.0879695 0.5622205138206482 -2.4642763137817383 0.644517719745636 -0.0467255525290966 0.031465183943510056 -0.027544554322957993 0.9980317950248718
1649855092.1129682 0.5621241331100464 -2.473179578781128 0.6737591028213501 -0.045861441642045975 0.03184014931321144 -0.02691691368818283 0.9980770945549011
1649855092.1379666 0.5632725358009338 -2.481321334838867 0.7033400535583496 -0.045183584094047546 0.032191213220357895 -0.02592822164297104 0.998123288154602
1649855092.1879635 0.5676700472831726 -2.4946985244750977 0.7669185400009155 -0.04537433758378029 0.032639846205711365 -0.02357788011431694 0.9981584548950195
1649855092.437946 0.5332289338111877 -2.5301854610443115 1.121999979019165 -0.04543466866016388 0.020146425813436508 -0.018202858045697212 0.9985983371734619
1649855092.4629445 0.5244341492652893 -2.534898281097412 1.1571342945098877 -0.043932829052209854 0.017864273861050606 -0.02059931494295597 0.9986622333526611
1649855092.487943 0.5151500105857849 -2.538271427154541 1.1915953159332275 -0.04214871674776077 0.015361026860773563 -0.023666860535740852 0.9987127780914307
1649855092.5129414 0.5061122179031372 -2.541451930999756 1.2253098487854004 -0.04084024205803871 0.012789887376129627 -0.02689942717552185 0.998721718788147
1649855092.5379398 0.49897459149360657 -2.5438454151153564 1.2587342262268066 -0.039760567247867584 0.010434184223413467 -0.028873836621642113 0.9987372756004333
1649855092.5629382 0.49468478560447693 -2.546663999557495 1.291788101196289 -0.03881699591875076 0.008425585925579071 -0.028918303549289703 0.9987925291061401
1649855092.5879369 0.4922073781490326 -2.5482723712921143 1.3245816230773926 -0.037464991211891174 0.006492852233350277 -0.02760540321469307 0.9988951683044434
1649855092.612935 0.4892038404941559 -2.55013108253479 1.356488585472107 -0.036083534359931946 0.004803531337529421 -0.025730149820446968 0.9990063309669495
1649855092.6379337 0.4869430959224701 -2.5518810749053955 1.3887807130813599 -0.03527197614312172 0.003068640362471342 -0.02355596236884594 0.9990955591201782
1649855092.6629322 0.48602744936943054 -2.5524473190307617 1.420559287071228 -0.03524988144636154 0.001316344365477562 -0.02149142697453499 0.9991465210914612
1649855092.937915 0.4565156400203705 -2.538433790206909 1.7491135597229004 -0.03279701992869377 -0.0020869749132543802 -0.019872169941663742 0.9992624521255493
1649855092.9629135 0.4545947015285492 -2.535914182662964 1.776656150817871 -0.03132753446698189 -0.0006503108306787908 -0.018024932593107224 0.9993468523025513
1649855092.9879122 0.4528448283672333 -2.5328574180603027 1.8046363592147827 -0.029505372047424316 0.0011830428848043084 -0.015902891755104065 0.9994378685951233
1649855093.0129106 0.45164352655410767 -2.530477285385132 1.8318368196487427 -0.02822643332183361 0.00318634114228189 -0.014230244792997837 0.9994955658912659
1649855093.037909 0.44835364818573 -2.528299331665039 1.8594931364059448 -0.027716610580682755 0.005701696965843439 -0.012933909893035889 0.9995165467262268
1649855093.362889 0.3862375020980835 -2.5238120555877686 2.1801135540008545 -0.04022502899169922 0.020052608102560043 -0.024279354140162468 0.9986941814422607
1649855093.5378783 0.3858792185783386 -2.515878200531006 2.3415825366973877 -0.048921920359134674 0.006223094183951616 -0.021520141512155533 0.9985516667366028
1649855093.5878751 0.3832378387451172 -2.5200345516204834 2.3794641494750977 -0.04802083969116211 0.002874283120036125 -0.02059129998087883 0.998629629611969
1649855093.6378722 0.38020020723342896 -2.5264296531677246 2.416374921798706 -0.044899504631757736 -0.00020805190433748066 -0.019519910216331482 0.9988006353378296
1649855093.6628706 0.37800827622413635 -2.530681848526001 2.4341249465942383 -0.044045284390449524 -0.0015757896471768618 -0.019297132268548012 0.9988417029380798
1649855093.6878688 0.3749731481075287 -2.5355889797210693 2.4523301124572754 -0.043895378708839417 -0.002454675966873765 -0.01886616088449955 0.9988552331924438
1649855093.7128673 0.37225767970085144 -2.5405116081237793 2.4699442386627197 -0.044061653316020966 -0.0028589798603206873 -0.01792742870748043 0.9988639950752258
1649855093.737866 0.3698558807373047 -2.545793294906616 2.487549066543579 -0.044211577624082565 -0.002631175797432661 -0.015928536653518677 0.9988911151885986
1649855093.7628644 0.36763468384742737 -2.5517220497131348 2.5047214031219482 -0.04392853379249573 -0.0019700035918504 -0.0132898585870862 0.9989442229270935
1649855093.7878628 0.36462992429733276 -2.5550377368927 2.5207557678222656 -0.042558375746011734 -0.001039177761413157 -0.010586556047201157 0.9990373253822327
1649855093.8128612 0.3598262667655945 -2.557492733001709 2.5359768867492676 -0.0406271331012249 0.0001324121985817328 -0.007889819331467152 0.999143123626709
1649855093.8378596 0.3557502329349518 -2.5608348846435547 2.5514044761657715 -0.03904369845986366 0.0014208502834662795 -0.005960521288216114 0.999218761920929
1649855093.8628583 0.35264331102371216 -2.5635323524475098 2.5656068325042725 -0.03756556659936905 0.002935111289843917 -0.004803172778338194 0.9992784857749939
1649855093.9128551 0.34882691502571106 -2.5704421997070312 2.5967249870300293 -0.03472743555903435 0.007862153463065624 -0.004172030370682478 0.999357283115387
1649855093.9378538 0.34740591049194336 -2.573624610900879 2.6125032901763916 -0.03301304951310158 0.011284859851002693 -0.004602594766765833 0.9993801116943359
1649855094.0128489 0.3461662232875824 -2.5886428356170654 2.6582510471343994 -0.026905862614512444 0.020722143352031708 -0.008798251859843731 0.9993849396705627
1649855094.2128365 0.3225208818912506 -2.6477277278900146 2.735856294631958 -0.03188077360391617 0.023899316787719727 -0.010844201780855656 0.9991472959518433
1649855094.287832 0.3224419355392456 -2.6679413318634033 2.758401393890381 -0.029889732599258423 0.025869296863675117 -0.005058776121586561 0.9992055892944336
1649855094.6878076 0.3712258040904999 -2.6988072395324707 2.895768880844116 -0.0355960875749588 0.038438282907009125 -0.033245768398046494 0.9980729818344116
1649855095.0627842 0.37635210156440735 -2.5726699829101562 3.117086887359619 -0.03976380079984665 0.02701593190431595 -0.02109592966735363 0.9986204504966736
1649855095.1127813 0.3576866090297699 -2.54702091217041 3.160709857940674 -0.035573042929172516 0.02159571833908558 -0.023744279518723488 0.9988515973091125
1649855095.2377737 0.3168896436691284 -2.4525766372680664 3.2408456802368164 -0.003513877745717764 0.0024801844265311956 -0.0329463928937912 0.9994480609893799
1649855095.3377674 0.28672513365745544 -2.4057652950286865 3.314319133758545 0.012149550020694733 -0.0147253992035985 -0.04724486917257309 0.9987015128135681
1649855095.5627532 0.286562979221344 -2.4480772018432617 3.4589040279388428 0.0004702007572632283 -0.03395839408040047 -0.04341505840420723 0.9984795451164246
1649855095.6627474 0.2903427183628082 -2.45556378364563 3.509348154067993 2.6671477826312184e-06 -0.037300415337085724 -0.028936918824911118 0.9988852143287659
1649855095.7377427 0.28989896178245544 -2.46562123298645 3.541476249694824 -0.0004815814027097076 -0.03783562406897545 -0.026016637682914734 0.9989452362060547
1649855095.8877335 0.29022303223609924 -2.4840266704559326 3.6253507137298584 -0.011973865330219269 -0.03644980490207672 -0.025273649021983147 0.9989446401596069
1649855095.9877274 0.2589515447616577 -2.470571279525757 3.676635265350342 -0.016458703204989433 -0.03786152973771095 -0.025227388367056847 0.9988292455673218
1649855096.187715 0.19393157958984375 -2.443784236907959 3.7715697288513184 -0.021235113963484764 -0.035618096590042114 -0.01738840900361538 0.998988687992096
1649855096.262708 0.1752532422542572 -2.450382709503174 3.8011293411254883 -0.02102658711373806 -0.03259182348847389 -0.011904115788638592 0.9991770386695862
1649855096.437697 0.11602483689785004 -2.4794628620147705 3.8662147521972656 -0.019359558820724487 -0.02647571824491024 -0.007755662314593792 0.999431848526001
1649855096.8126736 -0.019284667447209358 -2.4918551445007324 4.029326915740967 -0.029206346720457077 -0.02309844270348549 -0.0030113307293504477 0.9993013143539429
1649855097.112655 -0.06470296531915665 -2.4101786613464355 4.2072343826293945 -0.03055316023528576 -0.02471802569925785 0.005491302814334631 0.9992122650146484
1649855097.1376536 -0.06772497296333313 -2.40641450881958 4.222793102264404 -0.029314719140529633 -0.02490881085395813 0.00445878691971302 0.9992496967315674
1649855097.162652 -0.07130011916160583 -2.4059484004974365 4.239665508270264 -0.0279478020966053 -0.025387665256857872 0.0034692389890551567 0.9992805123329163
1649855097.1876502 -0.07634837925434113 -2.404764413833618 4.254938125610352 -0.026020608842372894 -0.025939662009477615 0.002132106339558959 0.9993219971656799
1649855097.2126486 -0.08062819391489029 -2.4061107635498047 4.2702484130859375 -0.0236353799700737 -0.026811998337507248 0.000882771157193929 0.9993603825569153
1649855097.237647 -0.08539416640996933 -2.409467935562134 4.284877300262451 -0.021349776536226273 -0.027655109763145447 -3.616274625528604e-05 0.9993892312049866
1649855097.2626455 -0.08749845623970032 -2.4201931953430176 4.300962448120117 -0.019849352538585663 -0.028107456862926483 -0.0003002793819177896 0.9994074702262878
1649855097.3126423 -0.08445971459150314 -2.4322307109832764 4.332855224609375 -0.0174403116106987 -0.028294704854488373 -0.002915978664532304 0.9994431138038635
1649855097.687619 0.08600473403930664 -2.4290761947631836 4.624931335449219 -0.03174233436584473 -0.022139959037303925 -0.007365333382040262 0.999223530292511
1649855097.8626082 0.24888268113136292 -2.4488251209259033 4.758182048797607 -0.03542393818497658 -0.013319979421794415 -0.0003891964443027973 0.999284029006958
1649855098.0125988 0.3854844272136688 -2.514888048171997 4.866374492645264 -0.03556477278470993 -0.0019557971972972155 0.0012145721120759845 0.9993649125099182
1649855098.362577 0.8842370510101318 -2.5936055183410645 5.204244136810303 -0.03596631437540054 0.05348431318998337 0.008258441463112831 0.9978868961334229
1649855098.3875756 0.9182919859886169 -2.5995025634765625 5.231334686279297 -0.03782203793525696 0.05598096922039986 0.007176299579441547 0.9976885914802551
1649855098.412574 0.9503604769706726 -2.5986385345458984 5.257959842681885 -0.0382530614733696 0.058332931250333786 0.004826300777494907 0.9975522756576538
1649855098.4375722 0.9769004583358765 -2.6010591983795166 5.284061908721924 -0.03849276900291443 0.06085963174700737 0.002176996786147356 0.9974011778831482
1649855098.4625707 1.0062187910079956 -2.602391004562378 5.313549041748047 -0.03829056769609451 0.0632050484418869 -0.0010790533851832151 0.9972647428512573
1649855099.2375224 1.6615865230560303 -2.596344470977783 6.231082439422607 -0.05524323508143425 0.10149961709976196 -0.02143879048526287 0.993069052696228
1649855099.5375037 2.0010175704956055 -2.6141128540039062 6.561268329620361 -0.07947855442762375 0.14057090878486633 -0.023969601839780807 0.9865850806236267
1649855099.837485 2.237933397293091 -2.5836808681488037 6.859609603881836 -0.08086936920881271 0.1574041247367859 -0.026382585987448692 0.9838634133338928
1649855099.8874822 2.2674553394317627 -2.5686514377593994 6.902830600738525 -0.08591410517692566 0.15987569093704224 -0.023528749123215675 0.9831088781356812
1649855099.937479 2.3009085655212402 -2.560084104537964 6.942235469818115 -0.08755318075418472 0.16410186886787415 -0.022334719076752663 0.9822955131530762
1649855099.9624772 2.314002513885498 -2.558971881866455 6.957901477813721 -0.08716464787721634 0.16618631780147552 -0.022213339805603027 0.9819821119308472
1649855100.012474 2.3398637771606445 -2.557252883911133 6.991128921508789 -0.08686511963605881 0.1702646017074585 -0.023984698578715324 0.9812691807746887
1649855100.0874693 2.3673934936523438 -2.5495171546936035 7.033719062805176 -0.08760382235050201 0.17665423452854156 -0.029630472883582115 0.9799183011054993
1649855100.1374664 2.384972095489502 -2.5431251525878906 7.058117389678955 -0.0871160626411438 0.18194109201431274 -0.030242152512073517 0.9789754748344421
1649855100.2124615 2.4179413318634033 -2.5278401374816895 7.095345973968506 -0.08401644974946976 0.19490991532802582 -0.027141917496919632 0.9768380522727966
1649855100.8124242 2.835885524749756 -2.4730982780456543 7.449354648590088 -0.08603927493095398 0.28863635659217834 -0.0581136979162693 0.9517921805381775
1649855100.8874197 2.8659119606018066 -2.462322235107422 7.492438316345215 -0.08079720288515091 0.2879933714866638 -0.05561366677284241 0.952596127986908
1649855101.4373853 3.1044907569885254 -2.3204832077026367 7.752243995666504 -0.08349692076444626 0.29682111740112305 -0.07297147810459137 0.9484724998474121
1649855102.0623462 3.3386118412017822 -2.0636167526245117 7.988060474395752 -0.06332831084728241 0.3145681321620941 -0.06534545868635178 0.9448633193969727
1649855102.537319 3.5127711296081543 -1.8662101030349731 8.170727729797363 -0.07813552021980286 0.296135276556015 -0.07967677712440491 0.9486047029495239
1649855103.0872848 3.642014265060425 -1.6166675090789795 8.384394645690918 -0.06854627281427383 0.31304723024368286 -0.06737697124481201 0.9448614716529846
1649855103.4872599 3.7527942657470703 -1.468079686164856 8.51038646697998 -0.04164065793156624 0.287378191947937 -0.08564862608909607 0.953070878982544
1649855103.7372441 3.8316328525543213 -1.3760788440704346 8.5691556930542 -0.06046280637383461 0.29128509759902954 -0.08356121927499771 0.9510595798492432
1649855104.187216 3.971057891845703 -1.208083987236023 8.701122283935547 -0.04021269455552101 0.33577200770378113 -0.06836332380771637 0.9385989904403687
1649855104.562193 4.06983757019043 -1.0804994106292725 8.803372383117676 -0.03696366026997566 0.3460986614227295 -0.07635213434696198 0.9343547821044922
1649855104.9621677 4.250631332397461 -0.9647151231765747 8.881553649902344 -0.04005107283592224 0.3608745038509369 -0.1002563014626503 0.92634516954422
1649855105.362143 4.453716278076172 -0.9141903519630432 8.898179054260254 -0.02988455258309841 0.4290466606616974 -0.12681758403778076 0.8938364386558533
1649855105.6871226 4.583691596984863 -0.843937337398529 8.876083374023438 -0.034913573414087296 0.49115535616874695 -0.12712997198104858 0.8610385656356812
1649855106.1120963 4.763728141784668 -0.8134155869483948 8.832840919494629 -0.01940191350877285 0.5536416172981262 -0.15223269164562225 0.8184941411018372
1649855106.1620932 4.7775983810424805 -0.8068075776100159 8.823084831237793 -0.025473563000559807 0.5597749948501587 -0.1548345983028412 0.8136520981788635
1649855106.1870914 4.786166667938232 -0.8016027808189392 8.81754207611084 -0.030066296458244324 0.5625877380371094 -0.1553359031677246 0.8114562630653381
1649855106.2370896 4.802464485168457 -0.7905840277671814 8.807101249694824 -0.03827783092856407 0.5689554810523987 -0.15605716407299042 0.8065171241760254
1649855106.2870865 4.816257953643799 -0.7832058072090149 8.795783042907715 -0.04455866292119026 0.5760248303413391 -0.15587826073169708 0.8011930584907532
1649855106.3370833 4.829522609710693 -0.7751933336257935 8.782822608947754 -0.04835550859570503 0.5827642679214478 -0.15500964224338531 0.7962533831596375
1649855106.3870804 4.841170310974121 -0.7671318054199219 8.770613670349121 -0.05172598361968994 0.5897194147109985 -0.15511241555213928 0.7908820509910583
1649855106.4370773 4.851219654083252 -0.7593355774879456 8.758657455444336 -0.05485818162560463 0.596306562423706 -0.15646378695964813 0.7854477763175964
1649855106.4870744 4.860416889190674 -0.751941442489624 8.7456636428833 -0.05503860116004944 0.6022987365722656 -0.15778674185276031 0.7805835008621216
1649855106.5120728 4.864493370056152 -0.7484626770019531 8.739052772521973 -0.05416398495435715 0.605273425579071 -0.15781624615192413 0.7783341407775879
1649855106.537071 4.8679375648498535 -0.7444377541542053 8.733109474182129 -0.0531747043132782 0.6085630059242249 -0.1578361541032791 0.7758287191390991
1649855106.5620694 4.871842384338379 -0.7396881580352783 8.726563453674316 -0.05209437012672424 0.6114577054977417 -0.15826307237148285 0.7735350728034973
1649855106.5870678 4.874665260314941 -0.7354738116264343 8.72061538696289 -0.05129912868142128 0.6147581934928894 -0.15823152661323547 0.770976185798645
1649855106.6120665 4.877542018890381 -0.7305595278739929 8.715181350708008 -0.05014684051275253 0.6179994344711304 -0.15848682820796967 0.768404483795166
1649855106.637065 4.881002902984619 -0.7253381609916687 8.7099027633667 -0.04889089986681938 0.6210581064224243 -0.15947511792182922 0.7658094763755798
1649855106.6620636 4.884905815124512 -0.7193899750709534 8.704804420471191 -0.046774014830589294 0.6242684125900269 -0.16060125827789307 0.7630913853645325
1649855107.087037 4.963261127471924 -0.6053981184959412 8.69877815246582 -0.043029043823480606 0.6789941787719727 -0.1518017053604126 0.7169885635375977
1649855107.3620203 5.027976989746094 -0.5454065799713135 8.663413047790527 -0.03891557827591896 0.673466682434082 -0.18479683995246887 0.7146875262260437
1649855107.9119864 5.197080135345459 -0.48831766843795776 8.596481323242188 -0.060170698910951614 0.6920273303985596 -0.19515083730220795 0.6923827528953552
1649855108.1619709 5.273111820220947 -0.4438425898551941 8.561535835266113 -0.035408660769462585 0.7004926204681396 -0.17566566169261932 0.6907954216003418
1649855108.3869574 5.343762397766113 -0.40351298451423645 8.549736022949219 -0.045600637793540955 0.6954391598701477 -0.1831091195344925 0.6933660507202148
1649855108.6619403 5.42153787612915 -0.3686060607433319 8.524218559265137 -0.05297357216477394 0.6843814253807068 -0.2000567615032196 0.6991378664970398
1649855108.6869385 5.428907871246338 -0.3654444217681885 8.521369934082031 -0.053959041833877563 0.6839731335639954 -0.19895440340042114 0.6997759342193604
1649855108.711937 5.435446739196777 -0.36156997084617615 8.519695281982422 -0.05585996061563492 0.6841244101524353 -0.1981091946363449 0.6997182965278625
1649855108.7369354 5.442516326904297 -0.35749951004981995 8.517587661743164 -0.05899745598435402 0.6841885447502136 -0.19730815291404724 0.6996245980262756
1649855108.7869325 5.4579620361328125 -0.34990593791007996 8.515352249145508 -0.06639610230922699 0.6844613552093506 -0.19419465959072113 0.699566125869751
1649855108.811931 5.4649505615234375 -0.3465838134288788 8.513264656066895 -0.06847682595252991 0.6838683485984802 -0.19408424198627472 0.69997638463974
1649855108.861928 5.476243019104004 -0.34139153361320496 8.511191368103027 -0.06944523751735687 0.6826491951942444 -0.1969882845878601 0.7002598643302917
1649855108.8869264 5.481448650360107 -0.3392593264579773 8.510111808776855 -0.06896353513002396 0.682004451751709 -0.19930268824100494 0.7002804279327393
1649855108.98692 5.505684852600098 -0.3280501663684845 8.503679275512695 -0.06603366881608963 0.6805366277694702 -0.20732265710830688 0.6996619701385498
1649855109.036917 5.519746780395508 -0.3213409185409546 8.498677253723145 -0.06142111122608185 0.6799641251564026 -0.207516610622406 0.7005810141563416
1649855109.0869138 5.533198833465576 -0.3147886395454407 8.493107795715332 -0.05430176854133606 0.6799071431159973 -0.20467358827590942 0.7020589709281921
1649855109.1119125 5.539459705352783 -0.31120768189430237 8.490607261657715 -0.04965631663799286 0.6802600622177124 -0.20093968510627747 0.7031390070915222
1649855109.136911 5.545353412628174 -0.30816909670829773 8.487577438354492 -0.044737353920936584 0.680834174156189 -0.1962365359067917 0.7042405605316162
1649855109.1619096 5.5510172843933105 -0.30522358417510986 8.484326362609863 -0.03956032916903496 0.6814439296722412 -0.19301992654800415 0.7048490047454834
1649855109.186908 5.555408000946045 -0.30334973335266113 8.481925964355469 -0.034662872552871704 0.6821239590644836 -0.19183573126792908 0.7047724723815918
1649855109.2119062 5.559867858886719 -0.3014923632144928 8.478750228881836 -0.030186854302883148 0.6823955774307251 -0.19233821332454681 0.7045789361000061
1649855109.7868707 5.750433921813965 -0.20265939831733704 8.413769721984863 -0.03879443556070328 0.658338189125061 -0.21263153851032257 0.7210226655006409
1649855110.461831 5.958493709564209 -0.13063453137874603 8.313000679016113 -0.022300545126199722 0.6299458742141724 -0.22719356417655945 0.7423301935195923
1649855111.4617696 6.348489761352539 0.02468457818031311 8.231898307800293 -0.025414062663912773 0.5507677793502808 -0.2822023034095764 0.7850929498672485
1649855111.6117604 6.429378032684326 0.07608996331691742 8.207829475402832 0.01640195958316326 0.5271663069725037 -0.27856847643852234 0.8026370406150818
1649855111.7367527 6.517606735229492 0.13667279481887817 8.18374252319336 0.04183587431907654 0.5055967569351196 -0.2918381094932556 0.8108343482017517
1649855111.8367462 6.588671684265137 0.19204552471637726 8.173373222351074 0.06320185959339142 0.48773193359375 -0.30033257603645325 0.8172658085823059
1649855112.2617204 6.928350925445557 0.3893570601940155 8.16439151763916 0.18767942488193512 0.3911522924900055 -0.37628114223480225 0.8186505436897278
1649855112.636697 7.124753952026367 0.43439847230911255 8.196263313293457 0.2603827118873596 0.28516730666160583 -0.3750368654727936 0.8427501916885376
1649855113.011674 7.272607326507568 0.45135852694511414 8.254666328430176 0.35645461082458496 0.12786206603050232 -0.4028894603252411 0.8332295417785645
1649855119.8862402 7.177773952484131 0.44925981760025024 8.280818939208984 0.290229469537735 0.23937085270881653 -0.43029820919036865 0.8205559253692627
1649855120.0362308 7.104616165161133 0.43929603695869446 8.291303634643555 0.24665644764900208 0.29613378643989563 -0.39049410820007324 0.8360500931739807
1649855120.2612169 7.02070951461792 0.41881635785102844 8.319146156311035 0.20950894057750702 0.3264073431491852 -0.37495771050453186 0.842004120349884
1649855120.561198 6.934579849243164 0.3918614089488983 8.365053176879883 0.16917015612125397 0.34209558367729187 -0.35996606945991516 0.8513380885124207
1649855120.9361746 6.855065822601318 0.387298583984375 8.444952964782715 0.11930090934038162 0.3622520864009857 -0.362838476896286 0.8502288460731506
1649855121.4611418 6.782246112823486 0.39791300892829895 8.586264610290527 0.1368768960237503 0.3575151562690735 -0.35122087597846985 0.8544539213180542
1649855122.0361056 6.747162342071533 0.4253780245780945 8.71903133392334 0.13208095729351044 0.30095571279525757 -0.3625636100769043 0.872082531452179
1649855122.6110697 6.7170281410217285 0.44504186511039734 8.800710678100586 0.12211432307958603 0.2158534973859787 -0.3539589047431946 0.9017807841300964
1649855122.636068 6.715841293334961 0.44586923718452454 8.803518295288086 0.12169566005468369 0.21305334568023682 -0.3520165979862213 0.9032622575759888
1649855122.6610665 6.714627742767334 0.4468064606189728 8.806461334228516 0.12128036469221115 0.2100469321012497 -0.349723756313324 0.904911458492279
1649855122.686065 6.713481903076172 0.4477233588695526 8.809410095214844 0.1206916868686676 0.20700496435165405 -0.34790992736816406 0.9063891172409058
1649855122.7110634 6.712338447570801 0.4484407603740692 8.812224388122559 0.11975887417793274 0.20390738546848297 -0.3462878465652466 0.9078350067138672
1649855122.736062 6.711217403411865 0.44913774728775024 8.81494426727295 0.11914646625518799 0.2012215107679367 -0.34491610527038574 0.9090362191200256
1649855122.7610602 6.710229873657227 0.44981998205184937 8.817601203918457 0.11906631290912628 0.1992652714252472 -0.3441133499145508 0.9097816348075867
1649855122.7860587 6.709201812744141 0.45038580894470215 8.8201265335083 0.11850465834140778 0.19793516397476196 -0.34333521127700806 0.910439133644104
1649855122.811057 6.708263874053955 0.45109203457832336 8.822698593139648 0.11820172518491745 0.19717490673065186 -0.34290820360183716 0.910804271697998
1649855122.8360555 6.707343578338623 0.45168358087539673 8.825285911560059 0.11774353682994843 0.19618172943592072 -0.34171921014785767 0.9115245938301086
1649855122.861054 6.706549167633057 0.45232731103897095 8.827820777893066 0.11739709228277206 0.19470129907131195 -0.3405490219593048 0.9123243689537048
1649855122.8860524 6.7057294845581055 0.4531165063381195 8.830307006835938 0.1172393411397934 0.19287346303462982 -0.3394849896430969 0.9131291508674622
1649855122.9110508 6.704593658447266 0.45378607511520386 8.832836151123047 0.11677154898643494 0.19131717085838318 -0.33790838718414307 0.914100706577301
1649855123.3860233 6.694821834564209 0.4603475034236908 8.875775337219238 0.0970521792769432 0.10205484926700592 -0.34984639286994934 0.9261605143547058
1649855123.9109902 6.6867146492004395 0.461957186460495 8.913348197937012 0.08953489363193512 0.047108352184295654 -0.32598555088043213 0.939945638179779
1649855124.5609496 6.684929370880127 0.462472528219223 8.939526557922363 0.08150032162666321 0.01699240505695343 -0.3193645775318146 0.9439678192138672
1649855125.4358947 6.680987358093262 0.4625709354877472 8.97176456451416 0.06918913871049881 -0.04677113890647888 -0.34598082304000854 0.9345173835754395
1649855126.0608556 6.671523571014404 0.4725589156150818 8.991795539855957 0.06960796564817429 -0.14599330723285675 -0.3421694040298462 0.9256137013435364
1649855126.5858228 6.664901256561279 0.48333626985549927 9.002752304077148 0.0836530402302742 -0.22788585722446442 -0.31863081455230713 0.9162667393684387
1649855127.4107711 6.65438985824585 0.49094149470329285 9.005677223205566 -0.0054647838696837425 -0.3307094871997833 -0.32554155588150024 0.8857901096343994
1649855127.6107585 6.653616905212402 0.49447959661483765 9.005664825439453 0.01053581852465868 -0.3419587314128876 -0.3180115222930908 0.8842068910598755
1649855127.6857538 6.65385627746582 0.4957617521286011 9.005669593811035 0.015365633182227612 -0.3541772961616516 -0.317546010017395 0.8794810175895691
1649855127.7357507 6.653761863708496 0.4969281256198883 9.005492210388184 0.018957749009132385 -0.35419049859046936 -0.31528666615486145 0.8802181482315063
1649855128.2857163 6.651113033294678 0.5053201913833618 9.006436347961426 0.04212689772248268 -0.3889455199241638 -0.28860896825790405 0.8738716244697571
1649855128.4107084 6.6501617431640625 0.5068105459213257 9.006253242492676 0.042005639523267746 -0.3990010917186737 -0.28938165307044983 0.869075357913971
1649855129.0606678 6.643643379211426 0.5126951932907104 9.005452156066895 0.01388469710946083 -0.4170774221420288 -0.3004589080810547 0.8576585650444031
1649855129.2106583 6.6426682472229 0.5135716795921326 9.006104469299316 0.014038690365850925 -0.42503622174263 -0.2909797132015228 0.857016921043396
1649855129.5106397 6.641772270202637 0.5172460675239563 9.008225440979004 0.022681016474962234 -0.4496612846851349 -0.2739242613315582 0.8498563766479492
1649855129.6106331 6.641705513000488 0.5188843607902527 9.00899600982666 0.024806778877973557 -0.4646815061569214 -0.26420989632606506 0.8447774648666382
1649855129.6856287 6.641320705413818 0.5199673175811768 9.009063720703125 0.025381607934832573 -0.4735773205757141 -0.2589699923992157 0.8414362072944641
1649855129.7856224 6.640716552734375 0.5211244821548462 9.008952140808105 0.02502208948135376 -0.4851503074169159 -0.2597864866256714 0.8345742225646973
1649855129.885616 6.640168190002441 0.5222530364990234 9.008712768554688 0.025243522599339485 -0.4947390854358673 -0.26508116722106934 0.8272411823272705
1649855130.0356066 6.639413356781006 0.5240476727485657 9.008132934570312 0.024118343368172646 -0.5048463344573975 -0.2721840441226959 0.8188189268112183
1649855130.1855972 6.638601303100586 0.5258066058158875 9.008038520812988 0.021966321393847466 -0.5190197229385376 -0.2680065333843231 0.811362087726593
1649855130.3855846 6.6369452476501465 0.5286363363265991 9.008354187011719 0.018967239186167717 -0.5333257913589478 -0.2605941593647003 0.8045461773872375
1649855130.5605736 6.634514808654785 0.5307640433311462 9.008138656616211 0.020749744027853012 -0.5511009693145752 -0.2607825994491577 0.7923696041107178
1649855130.8855534 6.631357192993164 0.5340629816055298 9.008092880249023 0.0009763458510860801 -0.5674585700035095 -0.2519570291042328 0.7839052677154541
1649855131.1605363 6.629237174987793 0.5368555784225464 9.008150100708008 -0.0044396184384822845 -0.5941974520683289 -0.23987987637519836 0.7677026987075806
1649855131.4105206 6.627969741821289 0.5399106740951538 9.008551597595215 -0.000770827813539654 -0.6259479522705078 -0.23023316264152527 0.7451049089431763
1649855131.7355 6.626046180725098 0.5436058044433594 9.008330345153809 -0.01351057831197977 -0.6494765281677246 -0.24012014269828796 0.7213460803031921
1649855132.0354815 6.624791145324707 0.5469375252723694 9.00866985321045 -0.004456331022083759 -0.6729877591133118 -0.21682444214820862 0.7071455717086792
1649855132.5104518 6.621854782104492 0.5510064363479614 9.00959587097168 -0.012675794772803783 -0.6889404654502869 -0.20226618647575378 0.6959086656570435
1649855133.1354125 6.6183600425720215 0.5559085607528687 9.01126766204834 0.012270040810108185 -0.7217453718185425 -0.20929494500160217 0.6596429347991943
1649855133.7603734 6.615108966827393 0.5610227584838867 9.013208389282227 0.015249399468302727 -0.7189484238624573 -0.1742824912071228 0.6726859211921692
1649855134.0353558 6.613448143005371 0.5625828504562378 9.01364517211914 0.027250107377767563 -0.7380486726760864 -0.15708507597446442 0.6556416749954224
1649855134.1603482 6.612706661224365 0.5632967948913574 9.013689041137695 0.04108119383454323 -0.7488549947738647 -0.1577816754579544 0.6423656344413757
1649855134.2353458 6.612408638000488 0.5637061595916748 9.013727188110352 0.04707355052232742 -0.7526832818984985 -0.15928572416305542 0.6370871067047119
1649855134.3853366 6.611937046051025 0.5647703409194946 9.014026641845703 0.0444331169128418 -0.7566561102867126 -0.16257765889167786 0.6317166090011597
1649855134.4353335 6.611784934997559 0.5650769472122192 9.014071464538574 0.04483351483941078 -0.7584267258644104 -0.16217930614948273 0.6296639442443848
1649855134.9103038 6.610002517700195 0.5674974918365479 9.0139799118042 0.051155682653188705 -0.7711615562438965 -0.1336660385131836 0.6203437447547913
1649855134.9852989 6.609742641448975 0.5678990483283997 9.013933181762695 0.04903620108962059 -0.7734888195991516 -0.12379169464111328 0.6196660399436951
1649855135.0102973 6.609661102294922 0.5680451393127441 9.013922691345215 0.04778842255473137 -0.7739576101303101 -0.12196557968854904 0.6195403337478638
1649855135.0602942 6.609511375427246 0.5683485269546509 9.013876914978027 0.046013910323381424 -0.7745082378387451 -0.12222310155630112 0.6189356446266174
1649855135.0852926 6.609434127807617 0.5685251951217651 9.013846397399902 0.045522499829530716 -0.7749549746513367 -0.12248474359512329 0.6183607578277588
1649855135.110291 6.609357833862305 0.5687057971954346 9.013806343078613 0.0453157052397728 -0.7753196358680725 -0.12245865166187286 0.6179239153862
1649855135.1352897 6.609282970428467 0.5688676834106445 9.013772964477539 0.04516522213816643 -0.7757658958435059 -0.12296310812234879 0.6172741651535034
1649855135.160288 6.609212398529053 0.5690150260925293 9.013727188110352 0.045044541358947754 -0.7761111259460449 -0.12316614389419556 0.6168084144592285
1649855135.2102847 6.609072208404541 0.5692750215530396 9.013643264770508 0.04466446116566658 -0.7769595980644226 -0.12285438179969788 0.6158291697502136
1649855135.2602816 6.608911514282227 0.5695476531982422 9.013553619384766 0.04363958537578583 -0.7783432602882385 -0.12079014629125595 0.6145626306533813
1649855135.9352393 6.606947422027588 0.5728884935379028 9.009736061096191 0.08280334621667862 -0.8102051615715027 -0.12666906416416168 0.5662738680839539
1649855136.4602063 6.606037616729736 0.5750231146812439 9.005438804626465 0.07863728702068329 -0.8310345411300659 -0.1173328310251236 0.5379878282546997
1649855136.8601816 6.604307651519775 0.5771602988243103 9.003435134887695 0.049451831728219986 -0.854350745677948 -0.09377259761095047 0.5087690949440002
1649855137.4101467 6.602043151855469 0.5797685980796814 9.001121520996094 0.06404902786016464 -0.8959629535675049 -0.08329971879720688 0.43151968717575073
1649855138.1850984 6.599923133850098 0.5828108191490173 8.998092651367188 0.043928034603595734 -0.9146132469177246 -0.03789133206009865 0.40014657378196716
1649855138.6100745 6.5986552238464355 0.5847527384757996 8.996700286865234 0.06388738751411438 -0.9207862615585327 -0.009755294770002365 0.38467642664909363
1649855139.1100438 6.597153663635254 0.5868412852287292 8.995291709899902 0.09381195157766342 -0.9218167066574097 0.0144619420170784 0.3758247196674347
1649855139.235036 6.596706867218018 0.5872149467468262 8.995107650756836 0.09937228262424469 -0.9187338352203369 0.028998252004384995 0.3810674846172333
1649855139.3600283 6.596285820007324 0.5876984596252441 8.994945526123047 0.09238096326589584 -0.9181764125823975 0.04467573016881943 0.38265103101730347
1649855139.7100062 6.595488548278809 0.5893245935440063 8.99413776397705 0.12327481806278229 -0.9031965136528015 0.09153176099061966 0.4008259177207947
1649855139.909994 6.594720363616943 0.5901291370391846 8.993885040283203 0.12180361151695251 -0.9011919498443604 0.1225171908736229 0.397500216960907
1649855140.2099752 6.593332290649414 0.5914329290390015 8.993610382080078 0.1411433219909668 -0.8975529074668884 0.1571304202079773 0.3870236575603485
1649855140.5599537 6.591673851013184 0.5931676030158997 8.993108749389648 0.1606079488992691 -0.8914767503738403 0.24263298511505127 0.3472803235054016
1649855140.6849458 6.5909504890441895 0.5942264199256897 8.9927339553833 0.16573825478553772 -0.8780309557914734 0.2989623546600342 0.3349835276603699
1649855140.7349427 6.590507507324219 0.5946731567382812 8.992445945739746 0.1605498343706131 -0.8752936720848083 0.32633161544799805 0.31873565912246704
