1650529602.4521265 0.0 0.0 0.0 0.0 0.0 0.0 1.0
1650529618.1516807 0.024194972589612007 -0.11342272907495499 0.0033184904605150223 -0.014333991333842278 0.023830285295844078 0.022044207900762558 0.9993703365325928
1650529618.426673 0.04119228944182396 -0.26388487219810486 -0.010808452032506466 -0.012010207399725914 0.061572447419166565 0.01781460829079151 0.9978712201118469
1650529618.8266613 0.10271978378295898 -0.44868698716163635 0.03658522665500641 -0.01279563270509243 0.10684981197118759 0.020291630178689957 0.9939855337142944
1650529619.3516462 0.3525189161300659 -0.5492076873779297 0.0628153532743454 -0.006938481703400612 0.16931703686714172 0.02902790531516075 0.985109806060791
1650529620.1766222 0.6897741556167603 -0.5167983770370483 0.268579363822937 0.02548341639339924 0.2804393172264099 0.04205484315752983 0.9586113691329956
1650529620.8266056 0.9683725237846375 -0.468527615070343 0.3843545913696289 0.04414108395576477 0.3672211468219757 0.01858363300561905 0.9289002418518066
1650529621.3015916 1.1234946250915527 -0.48079028725624084 0.4386417865753174 0.037743132561445236 0.44473448395729065 0.00939363706856966 0.8948176503181458
1650529621.70158 1.230757236480713 -0.5015890002250671 0.4897124767303467 0.037921786308288574 0.506674587726593 0.011808855459094048 0.8612226843833923
1650529623.401531 1.7990010976791382 -0.5075693130493164 0.6713162064552307 0.0406983457505703 0.49206382036209106 -0.011935492046177387 0.8695254325866699
1650529624.9764862 2.297550916671753 -0.5071184635162354 0.9063493013381958 0.01692722737789154 0.48484721779823303 0.01140907034277916 0.8743607401847839
1650529626.4764426 2.7539007663726807 -0.4743883013725281 1.1300748586654663 0.04004176706075668 0.46974414587020874 -0.014432252384722233 0.8817760944366455
1650529627.776405 3.139953851699829 -0.4687238931655884 1.3028937578201294 0.012288718484342098 0.44244325160980225 -0.010532448068261147 0.8966505527496338
1650529628.9513707 3.4758193492889404 -0.4422256350517273 1.5140498876571655 0.02679072692990303 0.39929279685020447 -0.00948572251945734 0.9163833260536194
1650529630.3763294 3.81762433052063 -0.42702025175094604 1.7797185182571411 0.03640942648053169 0.40752774477005005 -0.003113716607913375 0.9124606251716614
1650529631.7762864 4.136690139770508 -0.4072405695915222 2.032014846801758 0.059720560908317566 0.39958450198173523 -0.005919196642935276 0.9147292971611023
1650529633.3012424 4.415635585784912 -0.3959406018257141 2.3194167613983154 0.0585242435336113 0.3824825584888458 -0.01567579060792923 0.9219737648963928
1650529634.3012133 4.564847469329834 -0.3398129343986511 2.526089668273926 0.04118568077683449 0.32909297943115234 -0.020735330879688263 0.9431709051132202
1650529635.001191 4.610045433044434 -0.25613823533058167 2.6137359142303467 0.034173429012298584 0.29610970616340637 0.015968743711709976 0.954408586025238
1650529635.101188 4.614937782287598 -0.24581332504749298 2.6227917671203613 0.022135082632303238 0.28691399097442627 0.03387650102376938 0.9571007490158081
1650529635.201185 4.617636680603027 -0.23549503087997437 2.6311135292053223 0.013719628565013409 0.2708923816680908 0.04337051138281822 0.9615343809127808
1650529635.3261814 4.62102746963501 -0.22464607656002045 2.639286994934082 0.01432496216148138 0.25289398431777954 0.06259126216173172 0.9653608202934265
1650529635.7511687 4.630288124084473 -0.20627856254577637 2.653320074081421 0.002453065477311611 0.23961560428142548 0.0659983679652214 0.9686191082000732
1650529635.9011643 4.633732795715332 -0.20114564895629883 2.6568949222564697 -0.005580098368227482 0.2382204830646515 0.0817461907863617 0.9677489995956421
1650529636.4761472 4.636288642883301 -0.19646930694580078 2.6629433631896973 0.008315503597259521 0.22391733527183533 0.08827782422304153 0.9705672860145569
1650529638.3260925 4.633204936981201 -0.19607608020305634 2.662959337234497 0.015667669475078583 0.2181619107723236 0.058366551995277405 0.9740399122238159
1650529642.6009684 4.627187252044678 -0.21961160004138947 2.6589832305908203 0.0014442573301494122 0.2490834891796112 0.06436240673065186 0.9663406610488892
1650529642.9009595 4.6209235191345215 -0.2701469957828522 2.656235694885254 0.006610012613236904 0.2600017488002777 0.06050034239888191 0.9636883735656738
1650529643.1759512 4.626495361328125 -0.3197880983352661 2.6520323753356934 0.015721136704087257 0.25962379574775696 0.06684749573469162 0.9632653594017029
1650529643.5009418 4.638596534729004 -0.3600316345691681 2.669262647628784 0.01466152910143137 0.2512856125831604 0.05343339964747429 0.9663259387016296
1650529644.450914 4.693317413330078 -0.3906233310699463 2.8022284507751465 0.016117598861455917 0.24723485112190247 0.047628261148929596 0.9676497578620911
1650529644.900907 4.766783237457275 -0.38059908151626587 2.9226841926574707 0.027567163109779358 0.18393152952194214 0.020968016237020493 0.9823288917541504
1650529646.275868 4.876571178436279 -0.38580024242401123 3.1646602153778076 0.0669223964214325 0.17451126873493195 0.012659930624067783 0.9822971820831299
1650529647.650829 4.971620082855225 -0.401654452085495 3.3819034099578857 0.06510432064533234 0.18879114091396332 0.02148819901049137 0.9796212911605835
1650529648.925793 5.061791896820068 -0.4035446047782898 3.584547758102417 0.09847868978977203 0.21435017883777618 0.02109469845890999 0.9715510606765747
1650529650.2257562 5.151445388793945 -0.4185442328453064 3.7824316024780273 0.07357197254896164 0.19918584823608398 0.02597085013985634 0.9768512845039368
1650529651.5507205 5.235744476318359 -0.42836833000183105 3.9728314876556396 0.09342102706432343 0.19255276024341583 0.0019174073822796345 0.9768273830413818
1650529652.8006852 5.310525417327881 -0.43450140953063965 4.142880916595459 0.09586697816848755 0.2048225849866867 0.0025907622184604406 0.9740896821022034
1650529654.2006454 5.39208459854126 -0.4432099163532257 4.314647197723389 0.1017104908823967 0.21078616380691528 0.0275490190833807 0.9718359708786011
1650529654.825634 5.423238277435303 -0.4464002549648285 4.383413314819336 0.10227496176958084 0.16818638145923615 0.004236375913023949 0.9804257154464722
1650529655.675611 5.441722393035889 -0.4658156633377075 4.461350440979004 0.08625085651874542 0.11770985275506973 0.014345205388963223 0.9891912341117859
1650529656.5255883 5.4542412757873535 -0.47108685970306396 4.54364013671875 0.09211015701293945 0.06997761875391006 0.030123867094516754 0.9928302764892578
1650529657.3755655 5.450387954711914 -0.4821244478225708 4.592767715454102 0.09977021813392639 0.006285412702709436 0.016267605125904083 0.9948580265045166
1650529657.6255589 5.448082447052002 -0.4824363589286804 4.618503570556641 0.08403128385543823 -0.02008533477783203 0.03736010566353798 0.9955596923828125
1650529657.8755481 5.442366600036621 -0.48084157705307007 4.636468410491943 0.10258858650922775 -0.04991539940237999 0.030734321102499962 0.9929951429367065
1650529658.475532 5.4303364753723145 -0.4810461401939392 4.678085803985596 0.11004260927438736 -0.06749580055475235 0.04168861731886864 0.9907557964324951
1650529658.625528 5.425501346588135 -0.48236095905303955 4.6905341148376465 0.09507561475038528 -0.08846496790647507 0.04771808162331581 0.9903825521469116
1650529658.8255227 5.419447422027588 -0.4825577139854431 4.704534530639648 0.09636297076940536 -0.10790517181158066 0.05273721367120743 0.9880735874176025
1650529658.92552 5.417120933532715 -0.48227712512016296 4.710173606872559 0.106743723154068 -0.11022530496120453 0.05120544880628586 0.9868303537368774
1650529659.025517 5.4152421951293945 -0.4821323752403259 4.715613842010498 0.11784843355417252 -0.11118685454130173 0.05509980767965317 0.9852478504180908
1650529659.3505085 5.410211563110352 -0.4841409921646118 4.734411716461182 0.11286436766386032 -0.10303955525159836 0.04716594144701958 0.9871270656585693
1650529659.475505 5.406811237335205 -0.48360851407051086 4.741471290588379 0.12029213458299637 -0.11168172210454941 0.055737562477588654 0.9848605990409851
1650529659.550503 5.404008865356445 -0.4827914535999298 4.745298385620117 0.13055142760276794 -0.12082231044769287 0.062331799417734146 0.9820758700370789
1650529659.6754997 5.399523735046387 -0.48394906520843506 4.752587795257568 0.1215505450963974 -0.13663607835769653 0.06750431656837463 0.980815589427948
1650529659.8254955 5.3947343826293945 -0.4842352867126465 4.762105941772461 0.11434982717037201 -0.15584449470043182 0.06626539677381516 0.9789001941680908
1650529659.9504921 5.391781330108643 -0.4836674928665161 4.767993927001953 0.12556692957878113 -0.1571704000234604 0.06368197500705719 0.9774840474128723
1650529660.2254848 5.386495113372803 -0.485298752784729 4.781198501586914 0.11209601163864136 -0.1549435555934906 0.06643084436655045 0.9792925715446472
1650529660.4504788 5.382331371307373 -0.4862684905529022 4.7906975746154785 0.1206979975104332 -0.15471217036247253 0.077904112637043 0.9774595499038696
1650529660.6504734 5.376059055328369 -0.48542049527168274 4.800476551055908 0.1365324705839157 -0.17304369807243347 0.07428951561450958 0.9725717902183533
1650529661.300456 5.363038539886475 -0.4918900430202484 4.833539009094238 0.10227159410715103 -0.21453352272510529 0.09021681547164917 0.9671488404273987
1650529661.8754394 5.347374439239502 -0.4957059919834137 4.85812520980835 0.10371959209442139 -0.24471576511859894 0.07940953969955444 0.9607552886009216
1650529662.8004143 5.322893142700195 -0.49665123224258423 4.898836612701416 0.1341925859451294 -0.2617315649986267 0.08423926681280136 0.9520466327667236
1650529664.0003817 5.29354190826416 -0.5055260062217712 4.945504665374756 0.11377086490392685 -0.2854365408420563 0.07294398546218872 0.9488210082054138
1650529665.0003545 5.27028751373291 -0.5120155215263367 4.985968112945557 0.11817631125450134 -0.3117688298225403 0.07599334418773651 0.9397125244140625
1650529667.3252888 5.218973159790039 -0.5244426727294922 5.072905540466309 0.12808741629123688 -0.30815157294273376 0.07621395587921143 0.9395891427993774
1650529669.1502392 5.179188251495361 -0.5343031883239746 5.138352870941162 0.13157616555690765 -0.34072262048721313 0.09696728736162186 0.9258472919464111
1650529672.000161 5.103242874145508 -0.5513898134231567 5.233781337738037 0.1086149588227272 -0.306796669960022 0.08067432045936584 0.9421094655990601
1650529674.950081 5.041294574737549 -0.5649898052215576 5.343433856964111 0.12881381809711456 -0.25705569982528687 0.08586825430393219 0.9539161920547485
1650529676.4750395 5.011244297027588 -0.5726965665817261 5.399971008300781 0.12359493225812912 -0.3250766694545746 0.09598707407712936 0.9326500296592712
1650529676.9500268 5.00569486618042 -0.5770596861839294 5.409119129180908 0.13082610070705414 -0.3935691714286804 0.061081551015377045 0.9078860282897949
1650529677.8000014 4.9839768409729 -0.574289083480835 5.4327521324157715 0.11493973433971405 -0.5022191405296326 0.0017363012302666903 0.8570657968521118
1650529678.0249953 4.977348804473877 -0.570543110370636 5.436570167541504 0.11160805076360703 -0.5211222171783447 0.009859099052846432 0.846095860004425
1650529678.1249926 4.975072860717773 -0.5682705044746399 5.43842887878418 0.1320791393518448 -0.5405940413475037 0.02202669344842434 0.8305587768554688
1650529678.1999905 4.973111152648926 -0.5668647885322571 5.439046859741211 0.13625790178775787 -0.5495391488075256 0.029558049514889717 0.8237517476081848
1650529678.3249872 4.970076560974121 -0.5650611519813538 5.4399213790893555 0.1316535472869873 -0.561894416809082 0.03491206094622612 0.8159186840057373
1650529678.4499838 4.967799663543701 -0.5636857151985168 5.440435886383057 0.1281024068593979 -0.5720285773277283 0.034555092453956604 0.8094313740730286
1650529678.6749778 4.9651570320129395 -0.5615322589874268 5.441676616668701 0.11063523590564728 -0.5811392068862915 0.02438603714108467 0.8058798313140869
1650529679.0499673 4.962021350860596 -0.5588292479515076 5.443765163421631 0.0749950036406517 -0.5977516770362854 0.05514492839574814 0.7962586283683777
1650529679.3999581 4.959787368774414 -0.5567132234573364 5.444911956787109 0.046823062002658844 -0.6124153733253479 0.07554564625024796 0.7855240106582642
1650529679.8249464 4.958337306976318 -0.5560132265090942 5.445647716522217 0.03432336449623108 -0.621768057346344 0.07313667982816696 0.7790234684944153
1650529682.3748732 4.958289623260498 -0.5553007125854492 5.445757865905762 0.0788845643401146 -0.6297367811203003 0.09724868088960648 0.7666494846343994
1650529682.5748672 4.958448886871338 -0.5552194714546204 5.445529937744141 0.10631448775529861 -0.62735915184021 0.09216715395450592 0.765913188457489
1650529689.0246866 4.958385944366455 -0.5560483932495117 5.444761753082275 0.10653268545866013 -0.624350905418396 0.07316780835390091 0.7703787088394165
1650529689.6496692 4.96077299118042 -0.5602816343307495 5.442397117614746 0.08021485060453415 -0.6061314344406128 0.07148639857769012 0.7880735993385315
1650529689.7746658 4.9623494148254395 -0.5617532730102539 5.441558837890625 0.09042081236839294 -0.6226682066917419 0.08325765281915665 0.7727720141410828
1650529689.949661 4.963578701019287 -0.5638830661773682 5.440614223480225 0.09594999998807907 -0.637628972530365 0.08995850384235382 0.7590324878692627
1650529690.0996568 4.9646782875061035 -0.5654886364936829 5.4398512840271 0.09952540695667267 -0.6555746793746948 0.10904978215694427 0.740557074546814
1650529690.5996425 4.960873603820801 -0.5692514777183533 5.434416770935059 0.09852536767721176 -0.692566454410553 0.10574885457754135 0.70672607421875
1650529690.874635 4.95827054977417 -0.5707126259803772 5.432482719421387 0.1049487516283989 -0.7144778966903687 0.11096411198377609 0.6827841401100159
1650529691.124628 4.955892086029053 -0.5723007917404175 5.430802345275879 0.11862042546272278 -0.7333364486694336 0.09294600039720535 0.6629539132118225
1650529692.5995886 4.929424285888672 -0.579070508480072 5.434743404388428 0.16175387799739838 -0.7271897196769714 0.106169193983078 0.658603847026825
1650529693.6745584 4.908206462860107 -0.5840591192245483 5.437938213348389 0.17762665450572968 -0.7251281142234802 0.12902069091796875 0.6526804566383362
1650529694.5745335 4.890220642089844 -0.5887097120285034 5.439006805419922 0.16108734905719757 -0.729482114315033 0.11596118658781052 0.6545684933662415
1650529694.9245236 4.883039474487305 -0.5908098816871643 5.439792156219482 0.15512028336524963 -0.7105521559715271 0.10085351020097733 0.6788827776908875
1650529695.4995074 4.868574619293213 -0.59406977891922 5.440313816070557 0.14710386097431183 -0.7428942918777466 0.09890370070934296 0.6455127596855164
1650529695.9494922 4.859817981719971 -0.5960562825202942 5.439831733703613 0.15378515422344208 -0.7292048335075378 0.10969465225934982 0.6577062606811523
1650529696.3994794 4.848073482513428 -0.5979244112968445 5.440256595611572 0.1758532077074051 -0.7492160797119141 0.12184298038482666 0.6268215179443359
1650529697.299453 4.828518867492676 -0.6024386286735535 5.439602851867676 0.16567017138004303 -0.7568948268890381 0.12903986871242523 0.6188799738883972
1650529697.949434 4.815609455108643 -0.6066218614578247 5.4384002685546875 0.14545518159866333 -0.7469315528869629 0.09764908254146576 0.6414052844047546
1650529698.6994205 4.798338890075684 -0.6107149720191956 5.436661243438721 0.16787366569042206 -0.7582265734672546 0.09019594639539719 0.623518705368042
1650529699.5243962 4.780675888061523 -0.6152829527854919 5.433434963226318 0.14868953824043274 -0.7741020321846008 0.09871314465999603 0.6073822975158691
1650529699.874386 4.774078369140625 -0.6162288784980774 5.432061195373535 0.18932859599590302 -0.7570329308509827 0.12433142215013504 0.6128602027893066
1650529700.6243646 4.758187770843506 -0.6210043430328369 5.429842948913574 0.17023694515228271 -0.776971161365509 0.10009372234344482 0.5977596044540405
1650529701.674334 4.7383527755737305 -0.6261640787124634 5.425755977630615 0.1560950130224228 -0.7933258414268494 0.09694799035787582 0.5804047584533691
1650529702.574308 4.722082614898682 -0.6298756003379822 5.422633647918701 0.166504368185997 -0.7949318885803223 0.114501953125 0.572056770324707
1650529703.224284 4.70997428894043 -0.6337085962295532 5.4195990562438965 0.1631368100643158 -0.7999304533004761 0.09159965068101883 0.5701818466186523
1650529703.6742697 4.700672626495361 -0.6358774900436401 5.41754674911499 0.16886967420578003 -0.8137986660003662 0.07540763169527054 0.5509341359138489
1650529703.8242652 4.698225498199463 -0.6365179419517517 5.416769504547119 0.17065215110778809 -0.8162736296653748 0.07831320911645889 0.5462988018989563
1650529703.8992627 4.697091579437256 -0.6366870999336243 5.416564464569092 0.16907627880573273 -0.8146969676017761 0.08999381214380264 0.5473418235778809
1650529704.349249 4.689504146575928 -0.6388110518455505 5.415004730224609 0.16704386472702026 -0.8035207390785217 0.09363637864589691 0.5636336207389832
1650529704.524243 4.686830043792725 -0.6392564177513123 5.414106845855713 0.17440177500247955 -0.8080798983573914 0.10129626840353012 0.5534708499908447
1650529704.6742384 4.684207439422607 -0.640082836151123 5.413384437561035 0.15774402022361755 -0.8161288499832153 0.09531353414058685 0.5476914644241333
1650529704.824234 4.682061195373535 -0.6406701803207397 5.412583827972412 0.15827620029449463 -0.8192617893218994 0.09693723917007446 0.5425512790679932
1650529704.9242306 4.680612564086914 -0.6408474445343018 5.412333011627197 0.1620730608701706 -0.8162639141082764 0.10922403633594513 0.5436134338378906
1650529705.0492268 4.678738594055176 -0.6411542296409607 5.412059307098389 0.15178897976875305 -0.8152951598167419 0.1196778416633606 0.5458306670188904
1650529705.1492236 4.677233695983887 -0.6416330933570862 5.411799907684326 0.15019625425338745 -0.8125174641609192 0.11281780898571014 0.551841139793396
1650529705.1992223 4.676455497741699 -0.6419063210487366 5.411699295043945 0.14839549362659454 -0.8109019994735718 0.10758589953184128 0.5557356476783752
1650529705.2492206 4.675717353820801 -0.6421535015106201 5.411683082580566 0.14429523050785065 -0.8099426031112671 0.10597784072160721 0.5585163831710815
1650529705.5992098 4.670766830444336 -0.6432763338088989 5.410750389099121 0.17331571877002716 -0.8053234815597534 0.09659817814826965 0.5586453080177307
1650529705.7492113 4.668330192565918 -0.644399106502533 5.410284996032715 0.16620109975337982 -0.8090839385986328 0.06944631040096283 0.5594083070755005
1650529706.174198 4.662479877471924 -0.6458726525306702 5.408752918243408 0.16669456660747528 -0.8062307834625244 0.09303713589906693 0.5599545240402222
1650529706.7991786 4.652221202850342 -0.6482334733009338 5.406347751617432 0.15839707851409912 -0.8243401646614075 0.09583058953285217 0.5349675416946411
1650529707.3241622 4.64349889755249 -0.6499415040016174 5.404501914978027 0.15150126814842224 -0.8159592151641846 0.08683440834283829 0.5511059761047363
1650529707.874145 4.634467124938965 -0.6521474123001099 5.401185035705566 0.16666088998317719 -0.8281078338623047 0.07108854502439499 0.5304789543151855
1650529708.5991225 4.623981952667236 -0.6543824076652527 5.394441604614258 0.1717946082353592 -0.8322033286094666 0.10071373730897903 0.5174754858016968
1650529708.699119 4.622657299041748 -0.6542670130729675 5.393700122833252 0.1803847700357437 -0.8384458422660828 0.10322736948728561 0.5037997364997864
1650529708.899113 4.620379447937012 -0.6554700136184692 5.392110824584961 0.16474583745002747 -0.8480609059333801 0.08665475249290466 0.49612754583358765
1650529709.6991029 4.610692501068115 -0.657466471195221 5.385930061340332 0.16908638179302216 -0.855683445930481 0.1072394996881485 0.47719520330429077
1650529709.7741008 4.609982013702393 -0.6575448513031006 5.385103225708008 0.17952671647071838 -0.8580211997032166 0.11319616436958313 0.4677141010761261
1650529709.9240966 4.608439922332764 -0.658154308795929 5.383925437927246 0.16475209593772888 -0.8671879172325134 0.09633378684520721 0.4599582254886627
1650529710.7740724 4.59849214553833 -0.6602838635444641 5.378643989562988 0.16690726578235626 -0.86679607629776 0.11324527114629745 0.4560505747795105
1650529710.999066 4.59620475769043 -0.6611599922180176 5.3765974044799805 0.16764895617961884 -0.8765517473220825 0.0880967527627945 0.4424815773963928
1650529711.6990461 4.5890936851501465 -0.6627712845802307 5.37174654006958 0.1631547510623932 -0.8768274188041687 0.10745340585708618 0.4393267035484314
1650529712.0240371 4.585745811462402 -0.6635850667953491 5.368838310241699 0.16392357647418976 -0.8877245783805847 0.09585199505090714 0.41938844323158264
1650529712.6740186 4.579921245574951 -0.6648351550102234 5.364040851593018 0.1685875505208969 -0.8858413100242615 0.11256176233291626 0.41736477613449097
1650529712.8240144 4.578577995300293 -0.6648315191268921 5.362809658050537 0.1757131963968277 -0.8885733485221863 0.11998505145311356 0.4064061641693115
1650529712.9990096 4.5771074295043945 -0.6656186580657959 5.361315727233887 0.17103298008441925 -0.8967209458351135 0.0987243726849556 0.39609694480895996
1650529713.1490054 4.5759687423706055 -0.6657849550247192 5.3600006103515625 0.18212471902370453 -0.8985977172851562 0.09959685057401657 0.38656583428382874
1650529713.224003 4.575325965881348 -0.6657122373580933 5.359471321105957 0.18281356990337372 -0.8984083533287048 0.10972429066896439 0.38392990827560425
1650529713.5489938 4.5727314949035645 -0.6667514443397522 5.357171535491943 0.15331827104091644 -0.8995842337608337 0.09955619275569916 0.39664870500564575
1650529713.898984 4.569759845733643 -0.6670751571655273 5.354875564575195 0.1737755835056305 -0.9003171324729919 0.1109217032790184 0.38331109285354614
1650529714.4489682 4.565215587615967 -0.66779625415802 5.351409912109375 0.16963952779769897 -0.9062855243682861 0.11975451558828354 0.3681409955024719
1650529714.6239634 4.5638909339904785 -0.6684980988502502 5.350383281707764 0.15909267961978912 -0.9090237021446228 0.1003480851650238 0.3718814253807068
1650529714.723958 4.563165187835693 -0.668605387210846 5.34990930557251 0.16186390817165375 -0.9084418416023254 0.10734876990318298 0.37014827132225037
1650529715.0489488 4.560239791870117 -0.6690165996551514 5.348020076751709 0.1669982224702835 -0.9192640781402588 0.10369808226823807 0.3410452604293823
1650529715.3489404 4.558107852935791 -0.6693971753120422 5.34634256362915 0.17091365158557892 -0.9201452732086182 0.1102939173579216 0.33459898829460144
1650529715.5739338 4.556479454040527 -0.6699836850166321 5.344913959503174 0.15717288851737976 -0.9242858290672302 0.09180732071399689 0.33550551533699036
1650529716.0239213 4.553285598754883 -0.6703628897666931 5.34222936630249 0.17568553984165192 -0.9287746548652649 0.09698931872844696 0.3116174638271332
1650529716.5989048 4.549350738525391 -0.671298086643219 5.33834981918335 0.15338459610939026 -0.9420644044876099 0.09064596891403198 0.28420281410217285
1650529716.9738941 4.546849727630615 -0.6715489625930786 5.335948944091797 0.1603594273328781 -0.9455690979957581 0.10896150022745132 0.2613644301891327
1650529717.0738914 4.5463080406188965 -0.6715801358222961 5.335178852081299 0.16392844915390015 -0.9486220479011536 0.11103250086307526 0.24681058526039124
1650529717.648875 4.54292631149292 -0.6723012328147888 5.3312087059021 0.1616973876953125 -0.953125 0.10834720730781555 0.23166286945343018
1650529718.148861 4.539631366729736 -0.6726149320602417 5.3276801109313965 0.1681586652994156 -0.9548050761222839 0.12050825357437134 0.2134188711643219
1650529718.2738576 4.538834571838379 -0.6731070876121521 5.326684474945068 0.15788790583610535 -0.9594142436981201 0.09521389752626419 0.21337778866291046
1650529718.9488304 4.534599781036377 -0.6740484237670898 5.321484565734863 0.1521049439907074 -0.9576537609100342 0.0996013656258583 0.2232554703950882
1650529718.998829 4.5343523025512695 -0.67405104637146 5.321156024932861 0.15550564229488373 -0.9568333625793457 0.10362321138381958 0.22259873151779175
1650529719.4238162 4.531768321990967 -0.674855649471283 5.317499160766602 0.16328267753124237 -0.9618681073188782 0.09024026989936829 0.20001322031021118
1650529719.598811 4.530864238739014 -0.6748905181884766 5.316096782684326 0.14997142553329468 -0.9630911946296692 0.10569524765014648 0.19695769250392914
1650529719.62381 4.530785083770752 -0.674884557723999 5.315943241119385 0.1512315422296524 -0.9624460935592651 0.10896020382642746 0.1973685324192047
1650529719.6488094 4.530703067779541 -0.674901008605957 5.315776348114014 0.1521202176809311 -0.9619421362876892 0.11057384312152863 0.1982431262731552
1650529719.6738086 4.530616283416748 -0.674909234046936 5.315589427947998 0.1519700139760971 -0.961872935295105 0.11060412973165512 0.19867625832557678
1650529719.698808 4.530533790588379 -0.6749506592750549 5.3153977394104 0.1519954353570938 -0.9619988799095154 0.1083068922162056 0.1993114948272705
1650529719.7238073 4.530433177947998 -0.6750198006629944 5.3151984214782715 0.15279993414878845 -0.9620798230171204 0.10507908463478088 0.20003262162208557
1650529719.7488065 4.530343532562256 -0.6750949025154114 5.3150105476379395 0.15346238017082214 -0.9621500372886658 0.10207036137580872 0.2007444053888321
1650529719.7738056 4.5302653312683105 -0.6751691699028015 5.314826011657715 0.15327870845794678 -0.9622794985771179 0.09997249394655228 0.2013191133737564
1650529719.7988048 4.53017520904541 -0.6752334237098694 5.314634799957275 0.1519780158996582 -0.962552011013031 0.09843463450670242 0.2017597109079361
1650529719.8238041 4.530071258544922 -0.6753142476081848 5.314445972442627 0.15035171806812286 -0.9628406167030334 0.09690780937671661 0.2023392766714096
1650529719.9488006 4.5294623374938965 -0.6754927635192871 5.313384056091309 0.1456844061613083 -0.9631661772727966 0.10128235071897507 0.20206192135810852
1650529719.9737997 4.529385566711426 -0.6755136251449585 5.313176155090332 0.14637847244739532 -0.963090717792511 0.10247862339019775 0.20131506025791168
1650529719.9987988 4.529298782348633 -0.675532877445221 5.31296443939209 0.14715050160884857 -0.9630802273750305 0.10343892127275467 0.20030882954597473
1650529720.0237982 4.529207229614258 -0.6755274534225464 5.312733173370361 0.14796467125415802 -0.9631158113479614 0.10431674867868423 0.19907885789871216
1650529720.0487974 4.529089450836182 -0.6755409240722656 5.312498092651367 0.14851617813110352 -0.9633955955505371 0.10445615649223328 0.1972329318523407
1650529720.0737967 4.528992652893066 -0.6755620241165161 5.312256336212158 0.1502712219953537 -0.9636353254318237 0.10362106561660767 0.19516205787658691
1650529720.0987961 4.528908729553223 -0.6755548715591431 5.312026500701904 0.15303495526313782 -0.9636133313179016 0.10348547995090485 0.19318504631519318
1650529720.1237953 4.5288286209106445 -0.6755492687225342 5.3118133544921875 0.15558764338493347 -0.963558554649353 0.10448890924453735 0.1908651441335678
1650529720.1487944 4.528761863708496 -0.6755269169807434 5.311592102050781 0.1576981544494629 -0.9635085463523865 0.10641347616910934 0.18830476701259613
1650529720.1737936 4.528683185577393 -0.6755208969116211 5.311359405517578 0.15957151353359222 -0.9635338187217712 0.10764801502227783 0.1858803778886795
1650529720.198793 4.528575420379639 -0.6755635738372803 5.311120986938477 0.16099196672439575 -0.9638447761535645 0.10661370307207108 0.18362557888031006
1650529720.223792 4.528476238250732 -0.675612211227417 5.310908317565918 0.16135463118553162 -0.9643911719322205 0.10444443672895432 0.18167488276958466
1650529720.2487915 4.528373718261719 -0.6756681203842163 5.310665607452393 0.16049185395240784 -0.9651736617088318 0.10149432718753815 0.1799475997686386
1650529720.2737908 4.528266906738281 -0.6757418513298035 5.310422897338867 0.15897205471992493 -0.9660965204238892 0.09843286126852036 0.17803499102592468
1650529720.798775 4.525784015655518 -0.6762927770614624 5.305346965789795 0.1509905308485031 -0.9685605764389038 0.10398547351360321 0.16816461086273193
1650529721.2487614 4.523965835571289 -0.6764007806777954 5.300629138946533 0.15002597868442535 -0.9708817005157471 0.11830718070268631 0.14451447129249573
1650529721.2737608 4.523890495300293 -0.6763169765472412 5.300323009490967 0.14782948791980743 -0.9715127348899841 0.12298645824193954 0.13850608468055725
1650529721.29876 4.523834705352783 -0.6762409210205078 5.299986362457275 0.14774444699287415 -0.9719207882881165 0.1251656413078308 0.13369789719581604
1650529721.3987572 4.52344274520874 -0.6768114566802979 5.298695087432861 0.15290309488773346 -0.9751083850860596 0.09689807891845703 0.12804357707500458
1650529722.098736 4.520808696746826 -0.6771306395530701 5.290416240692139 0.14775732159614563 -0.9806414842605591 0.09397648274898529 0.08762751519680023
1650529722.5237234 4.519776344299316 -0.677112877368927 5.284405708312988 0.14313636720180511 -0.986691951751709 0.07539412379264832 0.016330979764461517
1650529723.273701 4.5187668800354 -0.6766624450683594 5.275177001953125 0.10273248702287674 -0.988730788230896 0.09832175076007843 -0.04680069535970688
1650529724.0736792 4.519082546234131 -0.6771034598350525 5.26551628112793 0.10347625613212585 -0.9839285612106323 0.07702852040529251 -0.12346664816141129
1650529724.773658 4.5206217765808105 -0.677067756652832 5.257547855377197 0.10108435899019241 -0.9635332226753235 0.06868177652359009 -0.23805153369903564
1650529725.4236386 4.523698806762695 -0.6767910122871399 5.251567363739014 0.089560367166996 -0.9527101516723633 0.06466854363679886 -0.2830908000469208
1650529726.0236206 4.527561187744141 -0.6762198209762573 5.247433662414551 0.0722530335187912 -0.9436347484588623 0.04549078643321991 -0.31978678703308105
1650529726.5236056 4.5306925773620605 -0.6753900051116943 5.243704319000244 0.06972043216228485 -0.9323163628578186 0.04351823404431343 -0.35218116641044617
1650529726.9985912 4.533909797668457 -0.6740502119064331 5.240372657775879 0.07324174791574478 -0.9158165454864502 0.007197354454547167 -0.3947960436344147
1650529727.573574 4.536717414855957 -0.6703447103500366 5.237118721008301 0.050179921090602875 -0.885825514793396 0.016759533435106277 -0.46099281311035156
1650529737.0482974 4.538184642791748 -0.6682148575782776 5.23495626449585 0.07117491215467453 -0.8896595239639282 0.024862300604581833 -0.4503576159477234
1650529737.7732759 4.53884220123291 -0.6703774929046631 5.23602819442749 0.06651649624109268 -0.8764871954917908 -0.022476186975836754 -0.47627782821655273
1650529738.3732579 4.540923118591309 -0.6736688017845154 5.237382888793945 0.0611901581287384 -0.8699241280555725 -0.023374054580926895 -0.48881644010543823
1650529739.548223 4.544814109802246 -0.677375853061676 5.234439373016357 0.05778131261467934 -0.8901499509811401 -0.04428183659911156 -0.4498150944709778
1650529739.9232118 4.545548915863037 -0.6779394745826721 5.232039928436279 0.03222300484776497 -0.919011652469635 -0.008224023506045341 -0.3928253650665283
1650529740.248202 4.545761585235596 -0.6778872013092041 5.229846477508545 0.05015562102198601 -0.935873806476593 0.011666691862046719 -0.3485521972179413
1650529740.4981947 4.546040058135986 -0.6777294874191284 5.2284016609191895 0.06932853162288666 -0.9433157444000244 0.035333603620529175 -0.32264629006385803
1650529740.5731924 4.546126365661621 -0.677649974822998 5.22796630859375 0.0764193907380104 -0.9474278092384338 0.03142997995018959 -0.3091163635253906
1650529740.6981888 4.546243667602539 -0.6775617003440857 5.227235794067383 0.08373960852622986 -0.9519525766372681 0.036004938185214996 -0.29236581921577454
1650529740.748187 4.546281814575195 -0.6775180697441101 5.226959705352783 0.0863335058093071 -0.9542327523231506 0.0410950668156147 -0.2833682596683502
1650529740.823185 4.546285629272461 -0.6774587035179138 5.226502895355225 0.0875096544623375 -0.9578623175621033 0.04532284289598465 -0.26979202032089233
1650529740.9731805 4.546499252319336 -0.6775057315826416 5.22558069229126 0.0800386369228363 -0.9666666984558105 0.05042332038283348 -0.23792189359664917
1650529741.0981767 4.546894073486328 -0.6776953339576721 5.224735736846924 0.0675264298915863 -0.9772045016288757 0.046545807272195816 -0.1958189457654953
1650529741.148175 4.546875 -0.6776797771453857 5.224496841430664 0.06566069275140762 -0.9789949655532837 0.045481983572244644 -0.18758732080459595
1650529741.1981738 4.546876430511475 -0.6776608824729919 5.22426700592041 0.06658585369586945 -0.9802631735801697 0.0449049137532711 -0.1806492954492569
1650529741.223173 4.546873569488525 -0.6776549220085144 5.224159240722656 0.06773898750543594 -0.9806709289550781 0.04491917043924332 -0.17798399925231934
1650529741.2481723 4.5468854904174805 -0.6776430010795593 5.224047660827637 0.0684124082326889 -0.9812445640563965 0.04558819159865379 -0.17435768246650696
1650529741.32317 4.546882629394531 -0.6776098608970642 5.2236857414245605 0.06856346130371094 -0.982400119304657 0.049069419503211975 -0.16667695343494415
1650529741.848151 4.547067642211914 -0.677672803401947 5.220750331878662 0.10226713120937347 -0.9812583327293396 0.06614262610673904 -0.1493276208639145
1650529742.3231368 4.547272682189941 -0.6776796579360962 5.218050956726074 0.0967252179980278 -0.9823343753814697 0.07690046727657318 -0.14053413271903992
1650529742.723125 4.548045635223389 -0.6774386167526245 5.21597146987915 0.1359778195619583 -0.9729213118553162 0.07576991617679596 -0.17085996270179749
1650529743.148112 4.548797607421875 -0.6773016452789307 5.214025020599365 0.12560433149337769 -0.9694242477416992 0.07829970121383667 -0.19572749733924866
1650529743.4731026 4.549474239349365 -0.6773834824562073 5.2127814292907715 0.12140710651874542 -0.9723917841911316 0.07101435214281082 -0.18620267510414124
1650529743.89809 4.550162315368652 -0.6774075627326965 5.211077690124512 0.12559907138347626 -0.9750256538391113 0.07542344927787781 -0.16691657900810242
1650529744.3980749 4.550745010375977 -0.6772733926773071 5.209803104400635 0.11131301522254944 -0.9850021600723267 0.09206303209066391 -0.09436451643705368
1650529744.9730577 4.5511908531188965 -0.6766468286514282 5.208444595336914 0.091191366314888 -0.991425096988678 0.06842226535081863 0.06386639922857285
